36 37 38 39 40 41 42 43 44 45 46 47 48 49 50 51 52 
0 36 -1e+100
1 36 1e+100
2 36 1.09671
3 37 -1e+100
4 37 1e+100
5 37 1.09772
6 38 -1e+100
7 38 1e+100
8 38 1.09665
9 39 -1e+100
10 39 1e+100
11 39 1.09747
12 40 -1e+100
13 40 1e+100
14 40 1.0931
15 41 -1e+100
16 41 1e+100
17 41 1.09738
18 42 -1e+100
19 42 1e+100
20 42 1.09671
21 43 -1e+100
22 43 1e+100
23 43 1.09707
24 44 -1e+100
25 44 1e+100
26 44 1.09657
36 45 0.998016
36 48 0.996581
36 51 0.988555
37 45 1.00616
37 49 1.0005
38 45 0.999977
38 50 0.992666
38 52 0.989847
39 46 1.00006
39 48 1.00487
40 46 0.983177
40 49 0.98303
40 51 0.984548
40 52 0.981524
41 46 1.00191
41 50 1.0012
42 47 0.9928
42 48 1.0002
42 52 0.990112
43 47 0.999486
43 49 1.0018
44 47 0.994026
44 50 0.994944
44 51 0.992909
45 27 1.00223
45 28 1.03504
45 29 0.978858
46 30 1.03323
46 31 0.887273
46 32 1.0162
47 33 0.96691
47 34 1.01634
47 35 0.957499
48 27 1.00271
48 30 1.03337
48 33 0.966757
49 28 1.03301
49 31 0.887834
49 34 1.01479
50 29 0.97723
50 32 1.01567
50 35 0.957647
51 27 1.00199
51 31 0.885199
51 35 0.960946
52 29 0.977768
52 31 0.885471
52 33 0.966993
