36 37 38 39 40 41 42 43 44 45 46 47 48 49 50 51 52 
0 36 -1e+100
1 36 1e+100
2 36 0.983977
3 37 -1e+100
4 37 1e+100
5 37 0.267161
6 38 -1e+100
7 38 1e+100
8 38 0.36121
9 39 -1e+100
10 39 1e+100
11 39 0.76409
12 40 -1e+100
13 40 1e+100
14 40 0
15 41 -1e+100
16 41 1e+100
17 41 0.132428
18 42 -1e+100
19 42 1e+100
20 42 0.939292
21 43 -1e+100
22 43 1e+100
23 43 0.302679
24 44 -1e+100
25 44 1e+100
26 44 0.359093
36 45 1.74958
36 48 2.60218
36 51 1.38449
37 45 1.65569
37 49 1.09882
38 45 1.68543
38 50 0.978412
38 52 1.42905
39 46 1.44439
39 48 2.52123
40 46 2.68717
40 49 1.49751
40 51 2.19643
40 52 2.22159
41 46 1.43646
41 50 0.97843
42 47 1.6502
42 48 2.5052
42 52 1.25137
43 47 1.69514
43 49 1.19695
44 47 1.70173
44 50 0.978713
44 51 1.294
45 27 4.98477
45 28 1.97585
45 29 0.883498
46 30 7.63322
46 31 1.80484
46 32 0.932219
47 33 4.92834
47 34 1.92668
47 35 0.886445
48 27 5.3358
48 30 7.0423
48 33 5.29359
49 28 2.18433
49 31 1.76392
49 34 1.96317
50 29 0.886299
50 32 0.941326
50 35 0.887036
51 27 5.5729
51 31 1.79883
51 35 0.870017
52 29 0.870122
52 31 1.8021
52 33 5.68505
