36 37 38 39 40 
0 36 2.17054
0 37 0.0201093
0 38 1.39696
0 39 -0.80863
0 40 1.34501
1 36 0.574101
1 37 -1.43318
1 38 1.48492
1 39 -0.0951289
1 40 0.320259
2 36 0.446907
2 37 -0.976957
2 38 -0.521239
2 39 1.67294
2 40 0.587016
3 36 1.07828
3 37 1.58339
3 38 -0.693886
3 39 1.09571
3 40 -0.191389
4 36 -1.71441
4 37 -0.931977
4 38 -0.113491
4 39 -0.893589
4 40 0.481961
5 36 0.898141
5 37 0.977747
5 38 0.082689
5 39 -0.790633
5 40 0.855812
6 36 0.28512
6 37 -1.80325
6 38 -1.11819
6 39 -1.55303
6 40 -0.0543925
7 36 -0.103754
7 37 0.836399
7 38 -0.539006
7 39 0.540421
7 40 -0.42106
8 36 -1.29668
8 37 1.10614
8 38 1.18751
8 39 -1.29856
8 40 -0.0607479
9 36 -0.237133
9 37 -2.71019
9 38 0.491144
9 39 1.29422
9 40 0.160388
10 36 0.366987
10 37 -0.0884592
10 38 0.620383
10 39 -1.33946
10 40 0.256661
11 36 -0.664343
11 37 2.93196
11 38 0.196929
11 39 0.401036
11 40 -0.205665
12 36 0.472284
12 37 -1.34272
12 38 0.616061
12 39 -1.18486
12 40 1.59868
13 36 -0.52537
13 37 -1.93789
13 38 2.03059
13 39 0.957937
13 40 1.19327
14 36 0.864633
14 37 -0.354741
14 38 0.813358
14 39 -0.507533
14 40 0.483536
15 36 1.61874
15 37 -0.19723
15 38 -0.593215
15 39 1.43968
15 40 -0.254661
16 36 0.633094
16 37 0.507734
16 38 0.611847
16 39 1.19094
16 40 0.458311
17 36 1.16046
17 37 -0.158437
17 38 -0.519246
17 39 -0.00327862
17 40 0.602232
18 36 0.534523
18 37 -1.60011
18 38 -0.0317784
18 39 0.494757
18 40 -0.688631
19 36 0.110491
19 37 -1.36927
19 38 0.0368715
19 39 -0.0419323
19 40 0.412825
20 36 0.593018
20 37 -0.213947
20 38 0.884297
20 39 0.253144
20 40 0.231867
21 36 0.220134
21 37 1.01252
21 38 0.815279
21 39 0.426923
21 40 1.35483
22 36 1.46546
22 37 0.604214
22 38 0.883666
22 39 0.26654
22 40 -0.889122
23 36 -0.513318
23 37 -0.051213
23 38 1.69786
23 39 1.44179
23 40 0.824065
24 36 -0.666888
24 37 -0.220384
24 38 1.11404
24 39 2.46838
24 40 0.293361
25 36 -0.694229
25 37 -1.36001
25 38 0.158367
25 39 -1.8204
25 40 1.04758
26 36 -0.0436619
26 37 -1.34193
26 38 0.216365
26 39 0.488675
26 40 -0.832599
36 27 3.3407
36 28 0.700576
36 29 -3.25918
36 30 3.66769
36 31 -0.159002
36 32 1.48459
36 33 3.77569
36 34 -0.680282
36 35 0.0665213
36 36 3.18181
37 27 -0.251089
37 28 1.56947
37 29 0.579877
37 30 0.892731
37 31 -0.123608
37 32 0.661243
37 33 0.241428
37 34 1.34992
37 35 -0.722444
37 37 -1.52153
38 27 2.59285
38 28 1.15481
38 29 0.907032
38 30 2.45158
38 31 1.56339
38 32 1.33117
38 33 1.66485
38 34 -0.121149
38 35 1.43599
38 38 0.345125
39 27 2.093
39 28 1.33123
39 29 -1.13442
39 30 1.61006
39 31 -0.24314
39 32 -0.878672
39 33 2.42001
39 34 -0.442739
39 35 -1.05298
39 39 2.06069
40 27 2.25869
40 28 1.30436
40 29 0.732856
40 30 2.66731
40 31 0.361758
40 32 -0.79016
40 33 2.76833
40 34 1.82954
40 35 -0.461699
40 40 0.906082
