36 37 38 39 40 41 42 43 44 45 46 47 48 49 50 51 52 
0 36 -1e+100
1 36 1e+100
2 36 0.150837
3 37 -1e+100
4 37 1e+100
5 37 0.00142401
6 38 -1e+100
7 38 1e+100
8 38 0.0414118
9 39 -1e+100
10 39 1e+100
11 39 0.15822
12 40 -1e+100
13 40 1e+100
14 40 0.0721849
15 41 -1e+100
16 41 1e+100
17 41 0.000705541
18 42 -1e+100
19 42 1e+100
20 42 0.102728
21 43 -1e+100
22 43 1e+100
23 43 0.00391321
24 44 -1e+100
25 44 1e+100
26 44 0.0277008
36 41 0.999561
36 48 1.53764
36 51 1.19753
37 41 1.00025
37 49 1.03049
38 41 1.00064
38 50 0.974657
38 52 1.20969
39 42 1.02451
39 48 1.57154
40 42 1.03327
40 49 1.05123
40 51 1.16019
40 52 1.16036
41 42 1.04087
41 50 0.970742
42 43 1.00203
42 48 1.63966
42 52 1.1676
43 43 1.00391
43 49 1.05561
44 43 1.00175
44 50 0.975609
44 51 1.14836
45 27 1.95136
45 28 1.19852
45 29 0.910607
46 30 2.42855
46 31 0.96219
46 32 0.954736
47 33 1.99822
47 34 1.16436
47 35 0.909795
48 27 2.56535
48 30 3.3331
48 33 2.61811
49 28 1.32326
49 31 0.929849
49 34 1.26641
50 29 0.859491
50 32 0.929021
50 35 0.858184
51 27 2.49086
51 31 0.953936
51 35 0.856819
52 29 0.860177
52 31 0.958345
52 33 2.57451
