36 37 38 39 40 41 42 43 44 45 46 47 48 49 50 51 52 
0 36 -1e+100
1 36 1e+100
2 36 1.09861
3 37 -1e+100
4 37 1e+100
5 37 1.09861
6 38 -1e+100
7 38 1e+100
8 38 1.09861
9 39 -1e+100
10 39 1e+100
11 39 1.09861
12 40 -1e+100
13 40 1e+100
14 40 1.09861
15 41 -1e+100
16 41 1e+100
17 41 1.09861
18 42 -1e+100
19 42 1e+100
20 42 1.09861
21 43 -1e+100
22 43 1e+100
23 43 1.09861
24 44 -1e+100
25 44 1e+100
26 44 1.09861
36 45 1
36 48 1
36 51 1
37 45 1
37 49 1
38 45 1
38 50 1
38 52 1
39 46 1
39 48 1
40 46 1
40 49 1
40 51 1
40 52 1
41 46 1
41 50 1
42 47 1
42 48 1
42 52 1
43 47 1
43 49 1
44 47 1
44 50 1
44 51 1
45 27 1
45 28 1
45 29 1
46 30 1
46 31 1
46 32 1
47 33 1
47 34 1
47 35 1
48 27 1
48 30 1
48 33 1
49 28 1
49 31 1
49 34 1
50 29 1
50 32 1
50 35 1
51 27 1
51 31 1
51 35 1
52 29 1
52 31 1
52 33 1
