36 37 38 39 40 
0 36 -0.437734
0 37 -0.392561
0 38 0.134042
0 39 0.241947
0 40 -0.496707
1 36 0.48173
1 37 -0.198257
1 38 0.756719
1 39 0.538179
1 40 -0.870402
2 36 -0.661117
2 37 -0.214792
2 38 2.25665
2 39 1.32961
2 40 0.303176
3 36 0.058614
3 37 1.3889
3 38 0.650233
3 39 1.29807
3 40 -0.129266
4 36 0.574779
4 37 0.373619
4 38 -2.00346
4 39 0.257576
4 40 -0.602709
5 36 -0.0999281
5 37 0.69132
5 38 -1.26519
5 39 -0.571906
5 40 1.15031
6 36 -0.197057
6 37 0.849688
6 38 0.26492
6 39 1.05507
6 40 0.573082
7 36 -0.267204
7 37 1.09861
7 38 0.168591
7 39 -0.136081
7 40 -0.354416
8 36 0.0915873
8 37 -0.500978
8 38 0.733897
8 39 0.39223
8 40 0.539254
9 36 0.941424
9 37 -1.38499
9 38 0.365776
9 39 1.02819
9 40 -1.84586
10 36 0.751869
10 37 0.718783
10 38 2.52499
10 39 -1.03496
10 40 0.284311
11 36 0.426098
11 37 0.779036
11 38 -1.12123
11 39 -0.37163
11 40 0.746503
12 36 0.28137
12 37 -0.611583
12 38 -0.484858
12 39 1.08438
12 40 1.92162
13 36 -1.43892
13 37 1.0308
13 38 -2.06996
13 39 0.200442
13 40 1.5865
14 36 -0.716715
14 37 0.79717
14 38 0.348037
14 39 0.112271
14 40 0.650048
15 36 -0.884945
15 37 -1.36211
15 38 -0.726303
15 39 0.0187496
15 40 0.382516
16 36 -0.465786
16 37 -0.297083
16 38 0.923913
16 39 0.969276
16 40 1.02729
17 36 -0.270771
17 37 1.0931
17 38 0.962413
17 39 1.82258
17 40 1.63022
18 36 -1.16181
18 37 -0.00258755
18 38 0.478322
18 39 -0.657555
18 40 1.47431
19 36 -1.9476
19 37 0.807771
19 38 0.76256
19 39 -1.53916
19 40 0.875757
20 36 -0.981191
20 37 -1.47464
20 38 0.24961
20 39 0.189287
20 40 -0.00943275
21 36 0.428981
21 37 0.802839
21 38 1.92211
21 39 0.475179
21 40 0.295136
22 36 -1.64941
22 37 -0.969548
22 38 0.889507
22 39 0.0735784
22 40 0.888992
23 36 0.162059
23 37 -2.27517
23 38 0.181261
23 39 -2.14033
23 40 1.36213
24 36 -2.66289
24 37 -1.02455
24 38 -1.05562
24 39 -0.308047
24 40 0.32716
25 36 -0.345602
25 37 0.151111
25 38 1.47848
25 39 0.278151
25 40 -0.473357
26 36 0.573444
26 37 0.168951
26 38 -0.962257
26 39 2.8003
26 40 -0.773803
36 27 -0.873638
36 28 1.00063
36 29 2.2954
36 30 -0.488978
36 31 1.62947
36 32 -0.122737
36 33 0.927655
36 34 -0.826038
36 35 0.911062
36 36 -0.0715389
37 27 -0.432609
37 28 -0.286368
37 29 -0.109474
37 30 0.590627
37 31 -0.114983
37 32 -1.34919
37 33 0.836108
37 34 0.245104
37 35 -2.47898
37 37 -1.18355
38 27 -1.58022
38 28 1.34015
38 29 0.363297
38 30 -0.142494
38 31 1.02296
38 32 -1.78753
38 33 0.318739
38 34 -0.0974566
38 35 2.0636
38 38 -1.54745
39 27 2.66884
39 28 0.945861
39 29 0.476578
39 30 2.53549
39 31 1.5019
39 32 -0.382517
39 33 1.71827
39 34 0.798839
39 35 -0.820369
39 39 2.14286
40 27 2.83588
40 28 0.509093
40 29 -0.738563
40 30 1.98116
40 31 0.407889
40 32 0.286339
40 33 2.41839
40 34 -0.625352
40 35 -1.41788
40 40 1.48773
